3644
684
9418
906
1066
5142
8048
3143
62
4333
7649
6077
3350
9838
6966
2698
8214
4953
7791
8348
8977
2787
1573
8439
2674
8340
2036
8409
9629
7633
1002
1226
5603
894
822
939
7187
9570
4986
946
3164
204
7937
9129
9355
7655
9325
6980
9553
5751
1729
3848
9809
5569
1498
4101
3427
8115
5629
9090
4343
8285
9221
4606
105
5493
5279
8136
3686
2690
1254
4674
5952
7216
4151
7837
9710
3179
3090
965
9880
1415
3746
2226
4144
3763
1248
5443
2212
6835
2023
7384
889
8827
1757
4862
4629
1676
5301
4715
1383
5049
7909
5009
8003
8987
865
187
5110
6921
5074
2536
5197
2194
9787
2635
6663
1817
1784
1423
1850
7322
9345
9877
4855
6287
2378
6030
1983
9923
7084
8868
6401
6762
4417
5057
5526
447
5900
9428
9098
9747
1943
2223
3739
579
5204
8586
4790
6392
4332
3708
6753
7666
1420
9157
1225
5347
2011
2773
5115
502
3995
6972
3099
1186
3718
9136
1362
9735
1330
9262
2953
7884
8946
9282
7496
7148
3281
8486
4806
5835
5523
8696
6811
6522
9828
8094
6485
4539
9124
4271
4804
6414
3084
8255
7096
1569
1525
6728
9270
7713
7214
6845
9757
212
1413
5388
2451
1539
4879
4176
4474
748
9922
2151
8280
9937
2904
350
2135
8181
1770
5162
8381
5483
2390
3447
7659
9615
547
4963
6462
8393
8611
2471
8019
1728
5687
9531
1697
277
9892
789
4511
9589
3276
386
1604
6089
7143
5578
3368
343
6478
8075
546
879
4775
4409
5857
3941
5840
4264
3634
8528
8192
1347
6517
2424
514
406
489
8802
3248
7964
4938
468
6092
9063
1353
2823
1500
442
6852
4294
3287
758
3364
5758
9557
1097
9036
143
9118
1202
8002
56
7850
7587
4045
9594
4797
5661
9998
8764
1911
7237
9391
3926
5965
1448
1483
4752
2755
2088
9837
8218
5130
2357
1753
5731
3345
3904
6560
2227
9724
9804
4296
6843
412
9106
3991
3744
4999
6957
3495
9149
880
4305
31
9079
9621
6857
3002
3728
8415
3370
5748
3025
6163
8309
9151
1025
2442
493
4874
6626
1490
7657
1971
6400
5912
4962
624
9848
6787
9958
4447
5874
1978
9450
2835
1467
2327
4287
915
160
1204
3429
9927
3052
9875
1295
9819
1844
355
9744
9764
9045
3076
2573
2462
9934
6657
5275
3800
4726
7355
4362
8694
5811
7014
124
5794
6705
6107
8212
9881
9817
9196
9688
4054
8548
5096
2560
9001
7511
522
8165
8594
2419
9970
23
3925
8163
1921
4210
7392
3410
4392
6545
8109
598
6505
9509
6924
7730
2555
3249
5079
5621
9497
7276
8711
2232
9422
520
3523
9309
5433
3066
2026
5919
9252
8293
7053
9031
3963
8035
8973
4791
9182
2034
8030
1964
2213
5565
6691
3453
8772
1501
747
1389
7562
2163
8273
9139
7790
1700
1022
4601
7547
5494
3226
281
4346
603
1132
1219
2497
7159
6050
7133
4750
5558
7191
1566
8999
8883
